0 0.8236501497904823
1 0.9338393155412263
2 0.901603528368864
3 0.4571535174669069
4 0.8952676921949981
5 0.941358066968795
6 0.9046170220528862
7 0.8933908427599263
8 0.9165812821762885
9 0.8914009341628021
10 0.8833472758929823
11 0.9158889973878177
12 0.94653962788319
13 0.9166441387471498
14 0.9274666771682091
15 0.8560836408127391
16 0.9415914918314462
17 0.9207278305437863
18 0.9153080510525963
19 0.9305615482243984
20 0.9388180479264925
21 0.951713566745177
22 0.9008807188862954
23 0.9269707371990996
24 0.9027712452302377
25 0.8458620724924413
26 0.936056892075886
27 0.906780678930548
28 0.9095058970887694
29 0.9150617072669472
30 0.9358738708961091
31 0.9229936920234946
32 0.8985860361018774
33 0.8842363424487443
34 0.9426729744319366
35 0.9315375239550633
36 0.8898553477921588
37 0.8880785999520661
38 0.9357400879693628
39 0.8994347254971304
40 0.9250521303892173
41 0.9326558061622979
42 0.9152574695189865
43 0.912161372910407
44 0.8738598577406956
45 0.9253499316542975
46 0.8755771008728397
47 0.5819802481302598
48 0.9351975696508531
49 0.8763424723384963
50 0.42523439912964794
51 0.890665520419329
52 0.9181174889137992
53 0.8675540021152442
54 0.9286517064590296
55 0.8878136997423867
56 0.8735870560825442
57 0.8538051145751951
58 0.9353770887259745
59 0.9369227318869398
60 0.8338798374327706
61 0.9387295725733751
62 0.9104082400999262
63 0.9325327838949283
64 0.9252590966775059
65 0.845520470711513
66 0.8954097905550322
67 0.8787292695780312
68 0.6546042321758284
69 0.9382316239305054
70 0.9112849202244487
71 0.8903080462853782
72 0.9487763842356155
73 0.9328764918236221
74 0.9211138687108484
75 0.9196890540421864
76 0.9187349065001693
77 0.9245107203310744
78 0.9012283375920102
79 0.9221219486301586
80 0.9498805265215127
81 0.943276039348896
82 0.9432421194740953
83 0.9442734957067026
84 0.9420553660763628
85 0.9115132931235923
86 0.941518915206474
87 0.9309448461849851
88 0.9314946519171987
89 0.9139689346704813
90 0.42523439912964794
91 0.890665520419329
92 0.9181174889137992
93 0.8675540021152442
94 0.9286517064590296
95 0.8878136997423867
96 0.8735870560825442
97 0.8538051145751951
98 0.9353770887259745
99 0.9369227318869398
100 0.8338798374327706
101 0.9387295725733751
102 0.9104082400999262
103 0.9325327838949283
104 0.9252590966775059
105 0.845520470711513
106 0.8954097905550322
107 0.8787292695780312
108 0.6546042321758284
109 0.9382316239305054
110 0.9112849202244487
111 0.8903080462853782
112 0.9487763842356155
113 0.9328764918236221
114 0.9211138687108484
115 0.9196890540421864
116 0.9187349065001693
117 0.9245107203310744
118 0.9012283375920102
119 0.9221219486301586
120 0.9498805265215127
121 0.943276039348896
122 0.9432421194740953
123 0.9442734957067026
124 0.9420553660763628
125 0.9115132931235923
126 0.941518915206474
127 0.9309448461849851
128 0.9314946519171987
