0 1.5989003391826855
1 1.13209751774283
2 0.9918713709887337
3 0.8476967741461361
4 0.8171968267244452
5 0.8352236747741699
6 0.7972172814257005
7 0.7229116559028625
8 0.7737299940165352
9 0.7630535697235781
10 0.7142625591334175
11 0.7559918971622691
12 0.6851154285318711
13 0.6570541420403648
14 0.695529555573183
15 0.6488790459492627
16 0.6731348633766174
17 0.9248434690868154
18 0.8228680982309229
19 0.7729521043160382
20 0.7046240603222567
21 0.6959654373281142
22 0.6783070003285128
23 0.7112480700016022
24 0.7153933398863849
25 0.5977191399125492
26 0.6303978281862596
27 0.6462890716160045
28 0.629008329966489
29 0.6410865398014293