0 0.8915515769930447
1 0.6226098554975846
2 0.7355274032143986
3 0.5949057375683504
4 0.5964354206533993
5 0.6090072253171135
6 0.5676921202855951
7 0.5800758661592708
8 0.6431000995285371
9 0.6922760377911961
10 0.5796130001544952
11 0.6239031237714431
12 0.5458995401859283
13 0.4826370845822727
14 0.5974318244877983
15 0.6141682740520028
16 0.5287467013387119
17 0.5427103498402763
18 0.5788256263031679
19 0.5487048222738153
20 0.45809194971533385
21 0.5090340051580878
22 0.46478276305338917
23 0.5935632744256187
24 0.5409315982285667
25 0.5228329826803768
26 0.5453986876151141
27 0.4942823490675758
28 0.5714004872476354
29 0.6360513129655052
30 0.4976276983233059
31 0.5140213791061851
32 0.49234052791314964
33 0.5202655467916938
34 0.523293995681931
35 0.5603181807433858
36 0.5138340951765284
37 0.49144468412679787
38 0.550695389509201
39 0.5919037969673381
40 0.500311495626674
41 0.5179403967717114
42 0.5354282961172216
43 0.47919119982158437
44 0.5100219863302567
45 0.47891287943896127
46 0.4806292688145357
47 0.5367363533552956
48 0.5702542364597321
49 0.5198147594928741
50 0.4514926330131643
51 0.547314407194362
52 0.5607681887991288
53 0.4304730962304508
54 0.47912048416979175
55 0.4373493615318747
56 0.4378290667253382
57 0.4533733383697622
58 0.42633676441276774
59 0.5015523907016305
0 0.6952301439116982
1 0.5323564094655654
2 0.5060658419833464
