0 1.2089710866703707
1 0.9472499770276687
2 0.8659622108235079
3 0.8140188911381889
4 0.7446889035841998
5 0.7885367449592141
6 0.7318973436075098
7 0.6636965187156901
8 0.602195119156557
9 0.6803185624234817
10 0.6605886063155006
11 0.6063183230512282
12 0.6179832938839408
13 0.6473540698780733
14 0.6290785407318789
15 0.5248006494606242
16 0.5922383683569291
17 0.5978736719664406
18 0.5906758361002978
19 0.48800363435464744
20 0.5199104363427443
21 0.48284584108520956
22 0.47561443728559155
23 0.45400562181192283
24 0.5176367303904366
25 0.4584299799273996
26 0.4428839946494383
27 0.4981249404304168
28 0.44859490499776955
29 0.5056083132238949
30 0.4182376651202931
31 0.503653941785588
32 0.42124171993311715
33 0.4346097549971412
34 0.3748951580594568
